0 2
0 3
0 4
0 5
0 83
0 92
0 108
0 188
0 471
1 3
1 13
1 24
1 26
1 30
1 31
1 33
1 49
1 131
1 201
1 212
1 471
1 480
2 8
2 10
2 16
2 17
2 19
2 22
2 46
2 47
2 53
2 56
2 61
2 76
2 97
2 133
2 226
2 300
2 354
2 430
3 6
3 20
3 27
3 46
3 72
3 73
3 100
3 147
3 168
3 214
3 302
3 380
4 5
4 13
4 14
4 24
4 26
4 28
4 33
4 39
4 40
4 70
4 197
4 218
4 246
4 266
4 285
4 395
5 13
5 14
5 16
5 19
5 27
5 33
5 38
5 47
5 59
5 71
5 79
5 112
5 121
5 162
5 176
5 483
6 13
6 19
6 21
6 23
6 29
6 46
6 54
6 62
6 84
6 119
6 136
6 225
6 236
6 245
6 431
7 10
7 11
7 15
7 21
7 31
7 60
7 106
7 113
7 162
7 315
7 337
7 354
8 11
8 33
8 52
8 146
8 352
8 360
8 371
8 392
8 480
9 10
9 16
9 18
9 140
9 158
9 167
9 203
9 212
9 233
9 293
9 362
9 395
10 13
10 15
10 20
10 27
10 164
10 181
10 232
10 337
10 366
10 462
11 16
11 17
11 23
11 59
11 65
11 66
11 83
11 87
11 107
11 120
11 153
11 178
11 195
11 202
11 231
11 232
11 252
11 280
11 322
11 482
12 18
12 29
12 38
12 41
12 44
12 51
12 56
12 79
12 98
12 103
12 107
12 125
12 126
12 130
12 155
12 186
12 214
13 21
13 31
13 33
13 93
13 132
13 210
14 15
14 24
14 27
14 34
14 37
14 50
14 56
14 68
14 159
14 167
14 178
14 254
14 434
14 479
14 485
15 16
15 17
15 19
15 45
15 51
15 87
15 89
15 172
15 180
15 217
15 259
15 341
15 475
16 18
16 21
16 22
16 31
16 34
16 35
16 68
16 101
16 203
16 206
16 330
17 20
17 25
17 29
17 31
17 32
17 49
17 79
17 92
17 175
17 222
17 239
17 326
17 370
17 401
17 485
18 21
18 38
18 51
18 75
18 103
18 110
18 113
18 119
18 120
18 127
18 169
18 210
18 361
19 26
19 34
19 35
19 53
19 75
19 88
19 159
19 203
19 245
19 388
19 455
19 475
19 481
20 26
20 138
20 163
20 189
20 219
20 233
20 250
20 415
21 22
21 23
21 32
21 38
21 40
21 46
21 179
22 24
22 28
22 29
22 33
22 90
22 107
22 118
22 120
22 161
22 196
22 211
22 335
22 356
22 365
22 390
23 27
23 28
23 62
23 144
23 147
23 170
23 223
23 224
23 260
23 313
23 375
24 29
24 37
24 44
24 49
24 50
24 53
24 66
24 83
24 91
24 97
24 349
24 385
24 457
25 35
25 36
25 38
25 46
25 63
25 144
25 207
25 312
25 437
26 47
26 50
26 51
26 103
26 156
26 193
26 220
26 247
26 334
26 357
26 372
26 465
27 29
27 32
27 45
27 336
27 344
27 478
28 32
28 49
28 51
28 65
28 69
28 75
28 91
28 94
28 120
28 152
28 165
28 202
28 241
28 275
28 287
28 467
29 45
29 85
29 93
29 126
29 338
29 366
30 33
30 34
30 42
30 52
30 54
30 94
30 104
30 108
30 148
30 150
30 269
30 282
30 294
30 366
30 383
30 389
31 42
31 74
31 95
31 128
32 41
32 57
32 58
32 86
32 94
32 100
32 101
32 112
32 243
32 244
32 438
32 473
33 36
33 87
33 123
33 134
33 204
33 492
34 38
34 53
34 56
34 85
34 96
34 120
34 219
34 250
35 36
35 64
35 144
35 207
35 247
35 270
36 56
36 77
37 49
37 103
37 142
37 153
37 196
37 203
37 263
37 362
37 497
38 51
38 52
38 57
38 64
38 76
38 77
38 96
38 140
38 145
38 164
38 173
38 207
38 211
38 260
38 275
38 288
38 366
38 406
39 80
39 142
39 158
39 174
39 200
39 318
39 384
39 466
40 112
40 200
40 222
40 284
40 286
40 290
40 323
40 358
40 427
40 488
41 54
41 60
41 107
41 208
41 229
41 263
41 433
42 226
42 264
42 298
43 48
43 52
43 60
43 71
43 86
43 124
43 152
43 161
43 202
43 292
43 386
43 474
44 75
44 79
44 83
44 151
44 266
44 386
45 47
45 67
45 188
45 216
45 279
45 283
45 380
45 398
45 403
46 55
46 65
46 128
46 168
46 194
46 245
46 268
46 338
46 387
46 398
46 410
46 438
46 459
47 79
47 82
47 193
47 274
47 289
47 423
48 59
48 72
48 157
48 212
48 460
49 130
49 149
49 302
49 335
50 77
50 82
50 122
50 138
50 146
50 164
50 188
50 237
50 253
50 258
50 289
50 455
50 483
51 80
51 95
52 63
52 76
52 79
52 134
52 148
52 167
52 193
52 223
53 72
53 85
53 90
53 142
54 83
54 109
54 122
54 136
54 177
54 187
54 215
54 336
54 365
55 63
55 68
55 79
55 112
55 119
55 137
55 141
55 269
56 94
56 105
56 114
56 117
56 123
56 218
56 243
56 245
56 253
56 408
57 98
57 297
57 384
57 418
57 470
58 182
58 273
58 274
58 307
58 309
58 359
58 399
59 62
59 76
59 81
59 124
59 143
59 326
60 89
60 95
60 115
60 192
60 317
60 425
61 109
61 172
61 259
61 317
61 462
62 65
62 117
62 124
62 125
62 287
63 69
63 115
63 134
63 150
63 159
63 214
63 255
63 401
64 86
64 122
64 146
64 316
64 429
64 475
65 88
65 91
65 149
65 173
65 180
65 194
65 325
65 365
65 439
65 497
66 71
66 78
66 103
66 148
66 164
66 183
66 196
66 212
66 306
66 361
67 93
67 121
67 143
67 223
67 233
67 282
67 445
68 72
68 84
68 93
68 113
68 115
68 121
68 147
68 220
68 263
68 264
68 303
68 342
70 100
70 134
70 161
70 259
70 319
70 335
71 86
71 110
71 192
72 78
72 97
72 114
72 116
72 117
72 262
72 286
72 308
72 329
72 355
72 358
73 78
73 81
73 145
73 163
73 394
73 419
73 444
74 119
74 242
75 133
75 169
76 86
76 135
76 171
76 295
77 78
77 235
77 247
77 261
77 334
78 89
78 112
78 118
78 119
78 131
78 134
78 196
78 199
78 253
78 373
78 380
78 496
79 109
79 112
79 114
79 159
79 259
79 260
79 267
79 337
79 340
80 89
80 118
80 140
80 159
80 392
80 433
80 495
81 88
81 219
81 275
82 99
82 110
82 156
82 273
83 92
83 124
83 183
83 208
83 265
83 328
83 372
84 87
84 103
84 108
84 115
84 116
84 137
84 156
84 162
85 89
85 95
85 124
85 148
85 223
85 414
85 448
86 114
86 263
87 89
87 92
87 114
87 116
87 163
87 164
87 347
87 361
87 478
88 107
88 110
88 138
88 193
88 267
89 116
89 140
89 336
89 343
89 422
90 189
90 278
90 326
90 336
90 378
91 174
91 184
91 359
91 403
92 108
92 210
92 309
92 429
92 435
92 437
93 207
93 365
94 145
94 239
94 242
94 246
94 248
94 447
94 463
94 468
95 149
95 298
95 363
95 403
95 420
96 105
96 222
96 486
97 111
97 122
97 207
97 299
97 419
98 129
98 284
98 495
99 101
99 224
99 241
99 353
100 135
100 207
100 255
100 456
101 130
101 165
101 274
102 161
102 232
102 295
102 308
102 472
103 105
103 109
103 148
103 183
103 228
103 230
103 297
103 331
104 355
104 458
105 152
105 346
105 436
106 125
106 207
106 219
106 388
106 453
107 156
107 172
107 217
107 271
107 301
107 329
107 362
107 400
108 110
108 150
108 158
108 169
108 279
108 466
109 145
109 263
110 138
110 224
110 251
111 166
111 257
111 331
111 363
112 176
112 194
112 219
113 323
113 334
113 354
114 140
114 157
114 287
114 412
114 457
115 160
115 225
115 327
116 128
116 182
116 214
117 119
117 278
117 358
117 365
117 395
117 402
117 481
118 153
118 213
118 251
118 383
118 384
119 126
119 222
119 261
119 283
119 342
119 381
119 393
119 405
120 395
121 143
121 150
122 403
123 190
123 267
124 137
124 172
124 181
124 289
124 314
124 367
126 133
126 139
126 154
126 182
126 198
126 240
126 242
126 327
127 343
127 375
127 390
127 397
128 130
128 180
128 206
128 259
128 469
129 151
129 222
129 276
129 326
129 491
130 139
130 146
130 199
130 251
130 268
130 275
131 215
131 226
131 281
131 304
131 326
131 424
132 160
132 320
132 329
133 142
133 189
133 210
133 222
133 305
133 420
133 489
134 204
134 247
134 283
134 407
134 442
135 189
135 360
136 140
136 211
136 239
136 254
136 275
137 141
137 169
138 184
138 227
138 231
138 283
138 402
139 159
139 263
139 298
139 300
139 357
140 309
140 337
142 150
143 205
143 246
144 160
145 253
145 301
145 378
146 150
146 200
146 493
147 149
147 161
147 184
147 185
147 209
148 168
148 170
149 216
149 324
149 360
149 409
150 191
150 216
150 416
151 171
151 175
151 322
152 376
153 165
153 173
153 176
153 347
154 180
154 182
154 249
155 207
155 258
155 449
156 160
156 323
156 456
157 170
157 242
157 296
157 366
157 394
157 440
157 461
158 196
158 333
159 183
159 428
160 200
160 249
160 292
160 350
160 391
161 323
161 370
161 375
162 175
162 301
162 353
163 226
163 270
163 399
163 453
164 309
164 326
164 369
164 422
164 449
165 249
165 281
165 367
165 368
166 169
166 201
166 224
166 249
166 258
166 316
166 393
167 365
167 435
169 186
169 207
169 230
169 302
169 390
170 261
170 343
171 201
172 180
172 185
172 192
172 224
172 307
172 435
172 443
172 447
173 454
174 467
175 198
175 208
175 229
175 325
175 454
176 377
177 182
177 257
179 434
180 277
180 343
180 350
180 386
180 432
181 273
181 295
181 450
182 203
182 332
182 362
183 253
183 294
183 415
184 200
184 253
184 325
185 211
185 224
185 235
185 248
186 195
186 265
186 337
186 402
187 336
187 406
188 218
189 199
189 203
189 250
189 341
190 220
190 240
190 286
190 498
191 205
191 217
191 413
192 403
193 266
193 279
193 364
194 202
194 226
194 228
194 262
194 268
194 394
195 276
195 305
195 407
196 202
196 215
197 287
197 486
198 204
198 216
198 313
198 400
199 289
199 388
199 499
200 234
200 321
200 379
202 218
202 231
202 266
203 213
203 223
203 296
203 303
203 307
204 283
204 314
205 256
205 290
206 283
206 387
207 233
207 339
207 371
208 267
208 307
208 423
209 220
209 327
209 446
210 247
210 250
210 281
211 234
211 391
212 463
212 472
212 499
213 304
214 414
215 291
215 477
216 244
216 318
216 405
217 248
218 293
218 307
218 421
219 224
219 264
219 272
220 296
221 285
221 288
222 332
223 291
223 387
223 440
224 272
225 257
226 229
226 234
226 277
227 244
228 279
228 365
228 408
229 431
230 318
230 496
231 441
232 257
232 356
232 411
234 282
234 389
235 257
235 311
236 271
236 312
236 452
236 474
236 488
237 259
238 267
238 286
238 305
238 311
238 426
239 248
240 421
241 265
244 258
244 384
245 273
245 300
246 390
248 329
251 270
251 418
252 440
252 452
253 262
253 263
253 328
255 333
255 338
255 351
255 384
256 257
256 280
256 444
257 387
258 494
260 310
262 451
263 344
264 309
264 343
265 322
267 279
269 412
269 484
270 340
270 388
270 465
272 381
273 396
273 468
274 313
274 389
274 418
276 291
276 292
276 461
277 364
280 352
281 299
282 284
283 418
286 385
287 395
287 464
288 300
288 451
291 324
291 389
293 348
293 444
293 452
295 382
296 337
297 398
297 476
300 380
300 441
301 377
302 443
304 320
304 452
306 474
307 330
309 365
310 409
313 375
315 346
316 344
316 465
319 427
321 477
322 345
322 490
323 446
324 410
325 445
328 344
328 397
334 350
334 487
336 361
336 369
338 423
339 432
339 464
341 460
343 413
344 358
344 403
344 428
344 498
345 414
348 465
349 491
350 412
351 482
353 374
353 487
354 414
363 493
366 368
366 374
371 445
372 450
373 447
376 426
377 379
382 402
386 398
386 458
393 411
393 447
395 440
395 489
396 404
401 444
401 492
402 484
404 425
406 479
411 424
411 490
416 474
417 430
417 439
418 448
433 459
435 476
436 442
445 475
469 473
470 494
