0 1
0 3
0 4
0 115
0 229
0 248
1 2
1 9
1 10
1 21
1 47
1 99
1 108
1 135
1 196
1 198
1 218
1 269
1 279
2 5
2 12
2 19
2 53
2 138
2 211
2 248
3 4
3 6
3 14
3 18
3 30
3 37
3 41
3 43
3 61
3 74
3 87
3 92
3 113
3 172
3 181
3 211
4 5
4 10
4 25
4 27
4 41
4 44
4 54
4 57
4 63
4 80
4 90
4 218
5 9
5 13
5 17
5 19
5 22
5 66
5 117
5 153
5 159
5 191
5 209
5 236
5 279
6 7
6 8
6 28
6 37
6 40
6 58
6 71
6 196
6 259
7 10
7 11
7 13
7 28
7 30
7 32
7 46
7 60
7 94
7 100
7 109
7 116
7 179
7 194
7 202
8 21
8 39
8 69
8 74
8 97
8 101
8 112
8 206
8 237
9 10
9 14
9 26
9 27
9 37
9 39
9 41
9 42
9 56
9 96
9 106
9 130
9 253
10 15
10 20
10 22
10 26
10 30
10 36
10 47
10 51
10 78
10 112
10 118
10 127
10 142
10 201
10 215
10 220
11 37
11 66
11 95
11 103
11 118
11 145
12 13
12 20
12 21
12 22
12 23
12 24
12 25
12 30
12 32
12 35
12 37
12 44
12 100
12 130
12 235
12 244
13 20
13 28
13 32
13 38
13 42
13 57
13 67
13 72
13 118
14 18
14 20
14 45
14 53
14 79
14 149
14 223
14 239
15 33
15 54
15 59
15 68
15 71
15 72
15 126
15 136
15 142
15 186
16 17
16 20
16 29
16 32
16 53
16 71
16 80
16 95
16 125
16 159
16 162
16 168
16 182
16 202
17 50
17 86
17 94
17 105
17 125
17 134
17 165
17 213
17 226
17 238
17 258
17 262
18 23
18 39
18 45
18 75
18 122
18 126
18 128
18 158
18 261
19 23
19 26
19 27
19 28
19 29
19 31
19 33
19 35
19 63
19 81
19 100
19 257
19 287
20 21
20 57
20 61
20 62
20 87
20 101
20 112
20 120
20 166
20 217
20 246
21 29
21 31
21 36
21 38
21 42
21 53
21 87
21 170
21 174
21 266
22 51
22 64
22 72
22 156
23 26
23 39
23 43
23 84
23 121
23 122
23 136
23 157
23 203
23 250
23 271
24 34
24 55
24 73
24 125
24 145
24 150
24 277
25 42
25 51
25 86
25 121
25 137
25 178
25 188
26 57
26 61
26 71
26 80
26 82
26 93
26 114
26 160
26 165
26 180
26 181
26 185
27 66
28 29
28 38
28 58
28 66
28 72
28 105
28 188
28 250
28 292
29 31
29 33
29 51
29 63
29 70
29 84
29 104
29 146
29 157
29 210
30 46
30 53
30 81
30 107
30 156
30 182
30 212
30 243
31 34
31 59
31 98
31 132
31 235
32 36
32 174
32 197
32 216
32 243
32 249
32 267
33 53
33 88
33 115
33 158
33 217
33 277
33 290
34 40
34 66
34 67
34 76
34 91
34 104
34 184
34 210
34 259
35 38
35 110
35 111
35 169
35 296
36 42
36 54
36 127
36 153
36 159
36 165
37 73
37 81
37 91
37 117
37 122
37 123
38 39
38 89
38 92
38 137
39 48
39 54
39 63
39 79
39 87
39 113
39 128
39 142
39 200
39 236
40 55
40 93
40 95
40 121
40 212
41 42
42 46
42 50
42 51
42 66
42 67
42 103
42 105
42 119
42 254
43 61
43 86
44 48
44 62
44 91
44 92
44 149
45 53
45 131
45 134
45 141
46 56
46 60
46 77
46 95
46 159
46 174
46 259
46 266
47 50
48 82
48 96
48 105
49 106
49 141
49 145
49 261
49 281
50 53
50 95
50 96
50 97
50 171
50 189
51 53
51 66
51 78
51 108
51 273
52 91
52 103
52 114
52 118
52 138
52 162
52 175
53 140
53 254
53 276
54 55
54 99
54 119
54 125
54 152
54 194
54 208
55 143
55 152
55 167
55 231
56 84
56 125
56 163
56 183
57 68
57 97
57 105
57 116
57 186
57 239
58 61
58 62
58 83
58 116
58 132
58 144
58 181
58 229
58 258
59 69
59 71
59 75
59 83
59 132
59 198
60 84
60 85
60 127
60 216
61 77
61 121
61 166
61 176
61 262
62 110
62 255
62 268
63 101
63 107
63 142
63 208
63 281
63 288
64 66
64 80
64 93
65 101
65 109
65 110
65 177
65 232
65 233
65 253
66 79
66 88
66 96
66 101
66 122
66 128
66 210
66 215
67 71
67 171
68 125
68 140
68 244
70 82
70 93
70 161
70 181
70 186
70 256
70 266
70 278
70 283
71 111
71 112
71 125
71 131
71 141
71 147
71 150
71 157
71 205
72 120
72 122
72 263
73 117
73 153
73 195
73 229
73 249
74 176
75 92
75 109
75 159
75 227
76 91
76 110
76 115
76 128
76 129
76 135
76 187
76 220
77 104
77 128
77 229
77 249
78 147
79 109
79 111
80 222
81 90
81 103
81 132
81 161
81 230
82 274
83 85
83 112
83 129
83 134
83 231
83 254
84 198
84 205
84 208
84 273
85 111
86 97
86 138
86 197
87 112
88 133
88 296
89 255
89 271
90 195
90 232
90 287
91 94
91 102
91 185
92 111
92 127
92 133
92 171
92 207
93 106
93 107
93 116
93 140
93 161
93 199
93 201
93 270
94 96
94 119
94 145
94 173
95 100
95 138
95 192
96 110
96 131
96 205
96 225
96 276
97 104
97 112
97 124
98 125
98 152
98 185
98 263
98 289
99 131
99 143
100 160
101 107
101 230
102 184
102 286
103 135
103 167
103 209
104 186
104 192
104 194
104 286
105 110
105 115
106 150
106 230
107 227
107 252
107 293
108 195
108 198
108 282
109 189
110 148
110 180
110 226
111 157
112 144
112 146
112 299
114 151
114 164
115 122
115 173
115 183
115 214
116 118
116 251
117 178
118 214
119 132
121 182
121 234
122 275
123 199
124 171
124 210
124 213
124 246
124 266
125 169
125 214
128 160
129 181
129 185
129 223
129 283
130 141
130 278
131 156
131 167
132 147
132 177
133 148
133 154
133 221
133 229
133 299
135 151
135 230
135 282
136 193
136 226
136 268
138 283
138 295
139 144
139 148
139 155
139 234
139 238
140 149
140 157
140 172
140 229
141 293
142 200
142 219
142 225
143 186
143 198
143 241
144 244
144 246
146 212
146 220
147 215
148 159
149 229
150 170
150 217
151 221
151 226
152 174
152 204
153 179
154 224
154 228
154 284
155 164
156 172
156 247
156 264
157 224
157 240
158 174
158 177
158 230
160 163
160 240
161 167
163 204
166 172
166 241
166 245
166 265
166 294
168 244
168 275
168 285
169 231
170 171
170 187
172 193
173 193
174 212
175 205
176 284
183 195
183 252
183 257
184 194
184 228
185 210
185 213
186 207
187 198
187 298
190 256
190 272
191 219
191 288
192 226
192 247
192 251
192 289
193 233
194 292
196 260
199 280
200 226
201 237
203 221
206 218
206 227
206 229
207 208
208 267
209 291
212 220
213 218
214 291
215 255
217 227
218 285
220 238
221 270
222 264
225 260
225 283
226 229
229 231
230 254
231 238
232 259
238 298
242 255
242 272
243 245
246 295
254 297
258 265
261 271
262 297
265 266
269 274
271 280
280 290
283 294
