0 1
0 2
0 3
0 4
0 34
0 50
0 67
0 81
0 125
0 157
0 173
0 215
0 216
0 227
1 2
1 3
1 4
1 9
1 11
1 28
1 30
1 46
1 53
1 54
1 60
1 109
1 113
1 270
1 322
1 384
2 5
2 6
2 7
2 12
2 18
2 24
2 35
2 60
2 82
2 99
2 105
2 120
2 215
2 225
2 392
3 4
3 6
3 28
3 49
3 84
3 273
4 6
4 9
4 11
4 23
4 24
4 27
4 42
4 80
4 102
4 112
4 123
4 161
4 214
4 256
5 6
5 10
5 13
5 22
5 23
5 29
5 36
5 39
5 45
5 47
5 52
5 73
5 80
5 88
5 187
5 213
5 239
6 10
6 11
6 15
6 18
6 24
6 33
6 42
6 48
6 60
6 79
6 86
6 121
6 138
6 208
6 367
6 370
7 12
7 13
7 14
7 17
7 19
7 20
7 32
7 45
7 47
7 81
7 85
7 156
7 187
7 199
8 11
8 19
8 21
8 25
8 28
8 40
8 68
8 99
8 109
8 340
9 20
9 23
9 26
9 39
9 49
9 62
9 90
9 119
9 216
9 243
9 250
10 12
10 28
10 29
10 31
10 80
10 93
10 96
10 98
10 113
10 135
10 149
10 207
10 225
10 235
10 333
11 12
11 22
11 24
11 29
11 35
11 41
11 57
11 69
11 89
11 100
11 132
11 141
12 33
12 42
12 196
12 281
13 14
13 35
13 50
13 51
13 71
13 78
13 84
13 99
13 106
13 128
13 130
13 157
13 243
13 259
14 16
14 17
14 28
14 29
14 43
14 61
14 96
14 130
14 134
14 151
14 184
14 200
14 209
14 251
14 318
14 331
15 18
15 71
15 84
15 192
15 242
15 316
16 35
16 42
16 63
16 98
16 121
16 125
16 127
16 146
16 228
16 235
16 346
17 20
17 32
17 35
17 88
17 89
17 96
17 119
17 127
17 137
17 223
17 297
17 301
17 390
18 33
18 53
18 63
18 71
18 87
18 118
18 186
18 241
18 250
18 260
18 280
18 298
19 22
19 27
19 30
19 64
19 76
19 95
19 115
19 133
19 203
19 221
19 256
19 343
19 350
20 26
20 31
20 33
20 42
20 62
20 101
20 116
20 171
20 173
20 187
20 192
20 236
20 364
20 366
21 22
21 52
21 57
21 72
21 99
21 100
21 101
21 140
21 243
21 258
22 27
22 40
22 43
22 56
22 62
22 87
22 88
22 92
22 102
22 104
22 163
23 28
23 35
23 45
23 52
23 59
23 60
23 64
23 71
23 74
23 138
23 208
23 243
23 373
24 27
24 52
24 56
24 69
24 78
24 88
24 174
24 183
24 252
24 288
25 29
25 44
25 48
25 119
25 138
25 150
25 153
25 180
25 366
26 27
26 32
26 35
26 51
26 57
26 73
26 83
26 162
26 178
26 188
26 214
26 240
26 288
26 326
27 28
27 30
27 45
27 71
27 96
27 128
27 175
27 229
27 273
28 85
28 170
28 184
28 240
29 35
29 42
29 52
29 61
29 68
29 100
29 122
29 145
29 211
29 385
30 33
30 61
30 70
30 82
30 102
30 111
30 118
30 127
30 140
30 232
31 48
31 52
31 67
31 114
31 245
31 316
32 43
32 79
32 82
32 115
32 116
32 223
33 34
33 43
33 51
33 65
33 143
33 200
33 289
33 341
34 40
34 55
34 73
34 82
34 98
34 101
34 138
34 159
34 188
34 234
35 341
36 65
36 68
36 86
36 104
36 143
36 155
36 304
36 311
37 45
37 61
37 65
37 84
37 91
37 139
37 166
37 169
37 247
38 51
38 61
38 63
38 80
38 98
38 135
38 143
38 178
38 261
38 288
38 303
39 44
39 46
39 67
39 71
39 82
39 96
39 124
39 139
39 155
39 160
39 177
39 236
39 281
39 300
39 333
40 64
40 259
40 297
41 42
41 49
41 70
41 86
41 104
41 109
41 146
41 155
41 169
41 203
41 251
41 282
42 48
42 109
42 179
42 194
43 56
43 66
43 91
43 315
44 46
44 50
44 105
44 109
44 117
44 121
44 127
44 147
44 161
44 186
44 192
44 217
45 65
45 77
45 106
45 121
45 152
45 203
45 225
45 252
45 283
45 339
45 389
46 109
46 126
46 139
46 166
46 221
46 247
46 326
47 70
47 73
47 77
47 89
47 127
47 130
47 154
47 176
47 281
47 395
48 51
48 66
48 74
48 252
48 343
49 52
49 59
49 72
49 78
49 80
49 234
49 253
50 67
50 68
50 96
50 98
50 127
50 148
50 169
50 210
50 233
50 245
51 59
51 74
51 99
51 332
51 384
52 73
52 83
52 115
52 285
53 64
53 82
53 109
53 137
53 299
54 62
54 77
54 85
55 97
55 101
55 116
55 117
55 148
55 161
55 174
55 289
55 337
55 386
55 398
56 92
56 138
56 143
56 229
56 388
57 74
57 95
57 198
58 81
58 180
58 190
58 204
58 228
58 231
58 299
58 352
59 108
59 139
59 208
59 253
59 336
60 63
60 64
60 76
60 119
60 128
60 143
60 175
60 326
61 120
61 230
61 237
61 327
61 345
62 66
62 86
62 155
62 283
62 336
63 80
63 83
63 122
63 187
63 213
63 223
64 72
64 73
64 75
64 89
64 91
64 127
64 144
64 152
64 217
64 277
65 76
65 82
65 153
66 71
66 86
66 98
66 106
66 123
66 133
66 168
66 189
66 261
67 71
67 86
67 106
67 117
67 127
67 138
67 249
67 257
67 363
68 286
68 289
68 383
70 71
70 155
71 101
71 175
71 184
72 91
72 94
72 117
72 126
72 129
72 186
72 272
72 348
73 74
73 78
73 79
73 80
73 86
73 141
73 146
73 199
73 206
73 252
73 287
73 339
74 98
74 99
74 116
74 182
74 209
74 241
75 87
75 157
75 213
76 80
76 96
76 102
76 107
76 292
76 332
77 105
77 158
77 199
77 207
77 241
77 269
77 376
78 101
78 153
78 182
78 184
78 244
78 350
78 361
79 83
79 86
79 118
80 90
80 118
80 254
80 330
80 372
81 152
81 179
81 372
82 147
82 183
83 97
83 100
83 119
83 128
83 193
83 248
83 259
83 274
83 292
84 114
84 120
84 126
84 135
84 138
84 142
85 90
85 101
85 114
85 207
85 298
85 358
86 87
86 94
86 96
86 130
86 183
87 111
87 181
87 190
87 212
87 291
87 294
87 328
88 194
88 211
88 236
88 286
89 103
89 153
89 249
89 252
90 99
90 283
90 296
91 114
91 123
91 137
91 191
91 320
91 399
92 142
92 363
93 99
93 100
93 153
94 167
95 112
95 141
95 147
95 242
96 179
96 227
96 246
97 117
97 120
97 220
98 104
98 119
98 129
98 138
98 168
98 170
98 194
98 247
99 102
99 125
99 153
99 218
100 210
100 266
101 133
101 170
102 151
102 170
102 178
102 189
102 236
102 322
103 138
103 145
103 189
103 190
103 293
103 353
104 177
104 191
104 214
105 107
105 225
105 344
106 128
106 255
107 135
107 230
107 362
107 375
108 141
108 145
108 387
109 197
109 207
110 129
110 185
110 238
110 263
110 319
111 138
111 207
111 244
112 171
112 172
112 194
113 266
113 315
113 365
114 290
114 306
115 322
115 332
116 128
117 159
117 166
117 238
117 356
117 375
118 223
118 259
118 263
119 134
119 183
119 334
119 352
119 396
120 178
120 211
120 278
120 342
121 125
121 144
121 177
121 194
121 282
121 318
122 199
122 209
122 213
122 393
123 168
124 180
124 258
125 187
125 195
125 203
126 152
126 160
126 194
127 143
128 150
128 256
128 262
128 327
129 147
129 175
129 295
130 264
131 241
131 268
131 278
131 309
132 138
132 185
132 239
132 338
132 348
133 277
133 351
134 219
134 324
134 352
134 354
134 359
135 138
135 148
135 243
136 170
136 245
136 396
137 182
138 178
138 205
138 292
139 169
139 194
139 338
141 313
144 158
144 162
144 238
144 239
144 319
144 387
145 228
146 181
147 151
147 198
147 251
148 177
148 202
148 243
149 173
150 247
150 315
151 181
151 233
151 285
152 196
152 368
153 164
153 188
154 183
154 194
154 200
154 201
154 202
154 224
154 243
155 178
155 244
156 158
156 162
156 184
156 190
156 310
158 164
158 178
158 200
158 222
159 252
159 290
160 165
160 200
160 207
160 287
160 317
160 360
161 248
161 369
162 288
162 319
162 349
163 286
163 293
164 187
164 228
164 238
164 381
165 169
165 193
165 208
165 266
165 385
167 381
168 388
169 188
170 184
171 176
171 191
171 203
171 280
171 330
171 346
172 180
172 223
173 377
174 237
174 262
174 303
175 226
175 394
176 190
177 232
177 349
178 210
178 260
178 325
178 348
179 311
179 353
180 308
182 295
183 186
183 291
183 383
184 290
186 222
186 248
186 304
186 358
187 267
187 312
188 268
188 296
190 251
190 280
190 320
190 357
191 196
191 275
191 289
192 335
192 362
195 324
195 356
196 284
196 386
197 263
197 310
198 284
199 208
199 224
199 345
201 214
201 282
202 268
202 304
203 253
204 321
204 326
204 362
204 393
205 265
205 390
206 305
206 309
206 355
207 279
208 227
208 244
208 251
208 328
208 365
209 210
209 235
209 245
209 332
210 337
210 394
211 221
211 226
211 243
211 281
211 348
212 232
212 260
212 269
214 317
214 327
215 273
215 317
215 397
218 306
218 313
219 335
220 237
220 248
220 281
220 303
220 323
221 245
221 263
221 377
222 263
222 282
223 242
223 332
223 384
224 269
226 245
227 236
227 266
227 354
228 382
229 379
230 246
231 264
231 373
232 249
232 276
234 272
235 265
235 286
235 321
236 274
236 280
236 282
236 321
236 391
237 257
237 374
238 245
242 355
242 395
243 290
243 341
243 361
245 329
247 266
251 253
251 268
253 271
253 282
254 356
255 399
256 290
257 302
257 376
257 389
259 270
260 275
260 280
263 331
267 325
268 271
268 284
268 382
269 357
271 304
271 343
271 378
276 301
277 340
279 306
279 370
281 305
281 378
283 317
285 371
290 308
292 294
292 297
292 303
300 368
302 303
302 304
304 351
305 342
307 312
307 321
311 314
311 323
311 344
314 359
316 397
320 364
320 379
323 391
325 369
327 334
328 347
329 347
332 380
338 367
341 374
341 380
346 360
351 371
352 357
357 361
361 398
379 392
